0
77
182
1745
1758
2062
2309
2335
2543
3480
3755
3820
4065
4113
4548
4603
4823
5006
5161
5396
5444
7045
7239
7384
7462
7785
7831
7939
7986
8600
8993
9019
9097
9365
9908
10109
10197
10652
11426
11461
11939
12133
12589
12801
12961
13440
14084
14533
15056
15488
15582
15912
16107
16168
16896
17021
17038
17096
17126
17158
17342
18105
18195
18226
18390
18862
18933
19075
20029
20320
20950
21077
21266
21401
21464
21548
22177
22476
23776
24253
24406
24885
25010
25108
25311
26247
26343
26537
26689
27004
28337
28590
28669
28754
28879
28900
29543
29702
29743
29821
29898
29900
30293
32546
32706
32724
32820
32866
32885
33114
33706
34654
35343
35726
35808
36041
36522
37261
37274
37306
37331
37427
37899
38452
38535
38834
39352
39363
39741
40150
40390
41081
41267
42053
42340
42485
42512
42613
42776
42815
42920
43245
43318
43467
43994
43996
44467
44514
45085
45380
45636
46112
46271
46973
47133
47532
47612
47619
48325
48808
48919
49373
49492
49659
49668
49833
50945
51013
52322
52378
52447
53290
53444
53728
53979
54405
54640
54674
55516
55883
55905
56229
56434
56495
57083
57361
57554
57760
57904
58091
58470
58571
58733
58787
58862
59269
59340
59531
59594
60094
60724
61329
62224
62415
62638
62761
63174
64093
64169
64340
64716
65152
65462
65664
66455
66766
66807
66912
67361
67676
67851
67905
68486
69011
69103
69723
70406
70457
71395
71509
71830
72447
72592
72641
72833
72868
73091
73301
73445
73950
74793
74862
75012
75961
76254
76572
77273
77355
77421
77617
78089
79416
79490
79999
80153
80808
81135
81241
81274
81463
81507
82115
82442
83250
83971
84100
84350
84948
85047
85469
85615
86703
87129
87219
87291
87321
87720
87848
89057
89199
89249
89404
89566
89714
90197
90377
92224
92469
92595
92892
92955
92992
93037
93349
93359
95039
95189
95234
95443
95553
95727
96101
96245
96518
96617
96946
97136
97341
97830
98424
99047
100019
100104
100124
100617
101109
101785
102092
102160
102213
102314
102577
102649
102658
103630
103681
103697
103737
103810
103970
104111
104215
104484
104617
105482
106554
106722
106742
107081
107169
107182
107511
107696
109363
109408
109585
109868
110191
110296
110318
110443
110852
111334
111425
112258
112554
112608
113578
113899
113993
114120
114169
114185
114923
114933
115074
115236
115250
115410
116085
116756
116843
117417
117766
118178
118271
118295
118317
118346
118889
119696
120275
121276
121305
121547
121932
121982
122473
122555
123068
123470
123661
124362
124772
124849
125195
125297
125478
125583
127519
127559
127795
127886
127964
128045
128244
128469
128596
129915
130012
130337
130344
130635
130864
131720
131724
132234
132792
132824
133833
134040
134273
134697
134768
135274
135549
136634
136670
137545
137564
137771
138877
139219
139341
139626
139872
140325
141341
141611
141628
141643
142095
142316
142332
142512
142609
143471
143984
144062
144146
144527
144568
144918
144961
145131
146155
146866
147827
148043
148603
148774
149268
149776
149778
150163
150835
150936
151501
151643
151657
151667
151779
152169
152240
152549
153355
153860
153951
154492
154504
154572
154844
155848
156695
156862
157019
157177
157393
157714
157723
157772
157911
157931
158181
158420
158975
159367
159404
159820
160280
161410
161464
161780
162505
162538
162738
162891
163596
164918
164976
165000
165216
165310
166278
166296
166606
166747
166804
166842
167711
168060
168591
169608
169902
170159
170264
170448
170723
170852
170975
171443
171868
172027
172230
172819
172870
172894
173544
174203
174631
174727
174899
175509
175788
175871
175927
176331
177695
178035
178114
178598
178745
178930
179484
179616
179674
179997
180016
180623
180939
181343
181714
181834
181840
182031
182231
182346
182413
183055
183318
184045
184652
184899
185689
186731
187052
187248
187401
187588
188155
188379
188562
188738
188758
189089
189426
190105
190145
190156
190189
190429
190620
190794
191473
191791
191990
192159
192239
192469
192555
192791
193470
194727
194954
195269
195485
195526
195717
195936
196382
196577
196683
196708
197460
197830
198215
198445
199222
199470
199494
200257
200265
200630
200802
200994
201003
201255
201922
202277
202406
202949
203502
203642
203869
203877
203958
204055
204345
204582
205056
205159
205302
205485
206821
206830
207057
207427
207680
207710
207802
208082
208461
208504
208873
209895
210206
210222
210271
210339
210444
210813
210829
211013
211341
212078
212356
212608
213069
213081
213508
213640
213714
213716
213961
215224
215589
215788
216194
216353
216442
216753
217048
217072
217180
217428
218031
218074
218457
218640
218810
218825
218897
219658
219741
220046
220716
221644
221870
221924
222687
222762
223222
224310
224458
224470
225053
225468
225536
225759
226677
226780
227359
227705
227822
227941
228016
228247
228279
228657
228875
228906
229141
229797
229805
229858
230301
230392
231406
231585
232426
233520
234030
234116
234464
234596
235214
235571
235626
236256
236383
236384
236489
236686
237363
237672
238802
238879
239249
239477
239550
240741
241287
241865
241978
242192
242325
242681
242809
243110
243203
243240
243703
244699
244817
244854
244912
245545
245553
245762
245993
246675
246991
247691
247783
248358
249100
249137
249408
249926
249975
250444
250808
251445
251771
251780
252165
252330
252912
252973
253973
255095
255112
255366
255450
256226
256486
256559
256744
257003
257311
257659
257982
258344
258462
258842
259207
259780
260033
260052
260097
260108
260480
261301
261375
261472
261975
262914
263057
263610
263949
264127
264201
264495
264496
264922
265073
265302
266624
266720
266957
267419
267566
267687
267865
268186
268263
268290
268495
269022
269666
269669
269890
270253
271230
271921
271997
272244
272353
272377
272856
273015
273120
273407
274062
274289
274961
275044
275124
275180
275409
275726
275729
276050
276600
276681
276923
276998
277264
277410
277737
277760
277768
278094
278413
278719
279824
280546
280548
280727
281104
281150
281515
281773
281843
281920
283073
283406
283824
284734
284877
285376
285467
286358
286554
286599
287112
287233
287336
287476
287647
287805
288837
288999
289196
289412
289448
289633
290110
290123
290389
291036
292357
292388
292430
292571
292856
293067
293905
294033
294082
294689
295126
295231
295300
295431
295655
295832
295995
296342
296684
296931
297012
297165
297551
297741
298151
298583
298827
299191
299340
299350
299743
300394
300797
300814
301616
301846
302489
302501
302638
302789
302819
303087
303231
303375
303403
303439
303874
304124
304479
304501
305003
305146
305191
305213
305323
305708
306162
307249
307359
307865
307877
307967
308677
308959
309731
309745
309970
310048
310206
310212
310572
310864
312221
312495
312832
312930
313186
313371
314056
314226
314325
314656
314666
315022
315609
315698
315824
315908
315929
316109
316646
316931
317014
318012
318376
318681
318694
318990
319031
319460
319535
319674
320613
320623
320648
321106
321393
321398
321598
321937
322177
323005
323103
324089
324246
324608
324653
325349
325465
325754
326186
326725
327014
327343
327784
327840
327859
328331
328567
328694
328849
328868
329473
330304
330795
331240
331811
331884
332201
332908
333005
333250
333821
334106
334599
334760
335241
335547
336630
336952
337261
337475
337851
337965
337982
338362
339672
340566
340600
340611
340993
341283
341590
341736
341924
342039
342956
343041
343864
344027
344372
344803
345303
345319
345463
345538
346959
347014
347997
348124
348430
348874
349085
349179
349495
349685
349801
349924
350058
350180
351694
352254
352570
352791
352818
353001
353303
353316
353448
354271
354292
354407
354484
354833
355286
355852
356394
356431
356751
357512
357535
357882
357975
358071
358117
358423
358626
359711
359996
360485
360664
360801
360892
360912
361009
361346
361415
361897
362541
362912
362935
362937
362991
363005
363311
363378
363494
364036
364223
364866
365520
365918
366145
366503
366579
366595
366723
366998
367348
367447
368276
368987
369435
369972
370230
370270
370559
370675
371919
372150
372197
373278
373565
373735
374129
374183
374303
374339
374951
375030
375317
375345
375517
376022
376471
377917
377951
378089
378271
378341
378350
379286
379292
380266
380334
380973
381119
381330
381335
381835
382045
382910
383151
383483
384024
384103
384670
384733
384956
385040
386011
387343
387399
387582
388056
388100
388284
388419
388694
388821
388837
388966
389068
389131
390597
390690
390812
390981
391441
391609
391852
392461
393075
393178
393499
394135
394869
394999
395082
395182
395341
395948
396190
396316
396994
397665
397983
398171
398801
398913
399533
399937
400241
400255
400350
401257
401402
401692
402442
403184
403317
403625
404012
404171
404547
404555
404668
404695
404889
404893
404997
405422
406081
406198
406604
407466
407494
407690
408005
408265
408532
409688
409719
410071
410471
410544
410793
410958
411466
411634
412138
412161
412462
412801
412979
413240
413911
414114
414323
414436
414501
415750
415854
416642
416714
417089
417408
417775
418153
418202
418561
418749
419281
419476
420093
420613
421303
421827
422146
422738
422772
423021
423089
423368
424890
425709
425755
426107
426532
426799
426945
427120
428021
428073
428171
428491
428517
428938
429190
429322
429380
429548
429587
430374
430513
430584
430863
432161
432539
432551
432819
433091
433320
433698
434102
434543
434830
434849
435323
435398
435615
436140
436148
436720
436802
437839
438019
438180
438579
438606
438725
438726
439828
440172
440731
440905
440954
441447
441723
441870
442158
442252
442253
442581
442716
443121
443369
443598
444236
445329
445446
445824
446284
446737
446917
446964
447102
447419
447700
447819
447868
447895
447934
448221
448377
448900
448958
448991
449039
449214
449658
449841
450109
451096
451746
452055
452244
452344
452392
452662
454570
455049
455183
455671
455737
455841
455886
456760
457113
457483
457799
458312
458983
459360
459492
459539
459662
459713
460495
460514
460616
460618
460673
460745
461096
462056
462126
463342
463501
463518
463611
463648
463671
464222
464482
464664
464893
465164
466105
466519
466599
466832
467311
467346
467658
468002
468033
468109
468359
468450
469229
469254
469626
469714
470139
470153
470372
470535
471164
472767
472844
473060
473141
473212
473253
473319
473565
473591
474029
474093
474308
474804
475289
475377
475749
475865
476015
476066
476170
476226
477059
477737
478256
478312
478390
478466
479427
479597
479682
480272
480403
480430
480621
481143
481238
482210
482721
483111
483155
483219
484232
484758
485452
485892
486334
486692
486714
487241
487497
487871
488324
488473
489268
489538
489557
489633
490119
490128
490318
490758
490843
491512
492121
492954
493055
493962
494431
494506
494652
494869
494916
495128
495504
495897
496084
496762
496965
497226
497537
497595
497672
498592
498693
499220
499245
499271
500051
500480
501194
502184
502244
502286
502439
502467
502608
503367
503422
503802
503950
504047
504566
504738
505584
505630
505821
507032
507349
508053
508129
508211
508289
508880
509273
510326
510587
510768
510929
511599
511909
512066
512237
512290
512807
512873
513453
513947
514007
514892
515143
515203
515212
515457
515726
515826
516255
516426
517449
517496
517589
517890
517963
518083
518115
518496
518708
519987
520107
520187
520465
520490
520992
521170
521192
521227
521559
521726
522954
523247
523387
523728
523788
523902
524135
524153
524832
524965
525219
525804
525993
526275
526281
526523
526921
527040
527385
527711
527735
527914
528379
528608
529083
529220
529529
529843
530783
530918
531847
531905
532309
532581
532627
532907
532932
533040
533095
533459
534520
534535
534540
534606
534732
535026
535220
535280
535439
535880
536257
537048
537349
537368
537502
537532
537965
540105
540158
540361
540664
540980
541083
541096
542059
542199
542375
543052
543403
544343
544500
544904
544966
545102
545730
545738
545759
545786
545851
546043
546205
546890
547618
547664
548469
548960
549056
549089
549113
549138
549666
549685
550022
550559
550723
551043
552069
552096
552338
552674
552771
552944
553230
553334
553680
553877
554439
554637
555154
555181
555560
555625
555639
556089
556248
556542
557379
557696
557941
558291
558350
558739
558844
559034
559245
559326
559380
560421
560723
560847
561123
561369
561455
561611
561653
561897
562051
562512
562722
562734
563183
563573
563601
563988
563999
564079
564097
564600
564744
564786
565062
565141
565465
565549
566062
566837
567188
568319
568341
568559
569664
569667
569998
570649
570825
572129
572334
572463
572586
573125
573168
573300
573381
574228
574381
574632
574677
574707
574758
574945
575263
575347
575493
575604
575748
576133
576943
577659
578593
578727
578835
579390
579528
579705
580045
580533
580566
580952
581442
581955
582270
582421
582545
582904
583028
583371
584143
584448
584646
585337
586403
586636
587471
587651
587796
588452
588496
588712
588822
589065
589334
590193
590585
591063
591070
591300
592242
592558
593281
593317
593606
593681
594387
594733
595015
595468
595766
596085
597053
597086
597381
597490
597596
597625
598252
598383
598823
599968
600399
600670
600695
600937
601041
601637
601695
601838
602627
602793
603601
603612
603644
603688
604154
604889
605331
605419
605466
605510
605676
606582
606720
607059
607236
608473
608806
608905
609109
609393
609530
609723
610103
610405
610647
610786
610847
611740
612139
612628
612669
612741
613009
613048
613124
613202
613833
614438
614841
615447
615659
615855
616337
616482
617318
617527
618022
618197
618368
618602
618618
618973
619178
619392
619514
620222
620226
620711
620901
620966
621023
621280
621394
621614
622770
622955
623030
623375
623587
624001
624214
625501
625749
626159
626281
626303
626505
627180
627354
628624
629010
629203
629377
630250
630251
630279
630943
631043
631595
631798
631811
632084
632729
632879
633171
633215
633228
633454
634285
634427
634664
634669
634756
634831
635720
636074
636086
637613
637623
637848
638214
638466
638504
638581
638977
639650
640687
640994
641121
641129
641206
641621
641856
643382
643818
643854
643860
644416
644506
644511
644746
644934
646088
646368
646595
647143
647273
647570
647669
647968
648292
648507
648809
648855
649295
649394
649594
650002
650061
650338
650366
650423
650530
650827
651505
653051
653462
653539
654011
655098
655249
655592
655752
655829
656233
656497
657568
658478
658494
658644
658729
659041
659058
659378
659749
659917
660070
660156
660575
660659
660687
661151
661179
661301
661913
662372
663220
664143
664190
664196
664220
664253
664279
664819
665241
665359
666002
666416
667001
667116
667218
667255
667447
667459
667911
668460
668544
669590
670035
670319
670707
670767
671200
672075
672640
672711
672968
673114
673557
673580
674022
674167
674550
675459
675644
676552
677453
677651
677769
678468
678561
678771
678818
679147
679891
680241
680689
680744
681204
681217
681503
682221
682547
682570
682947
683122
683565
683567
683739
684534
684810
685204
685903
686144
686226
686243
687011
687510
687772
687958
687975
688644
688754
689136
689256
689999
690761
690814
690839
690874
691213
692169
692265
693692
693824
694400
694538
694689
694912
694921
694996
695289
695845
695910
697422
697545
697562
697753
697801
697835
698174
698214
698344
698653
699014
699040
699104
700424
700462
701048
701780
702022
703149
703152
703636
703744
703810
703945
704156
704860
705110
705332
705793
705840
705984
706501
706522
706857
707429
707741
708044
708277
708520
708552
708563
708816
708852
709208
710595
711059
711343
711504
711900
711938
712216
712551
712804
712931
713815
714155
714201
714620
715513
715522
715663
715803
716244
716260
716802
717152
717394
717932
718217
718480
718614
718728
718789
718883
719621
719782
719970
720204
720242
720432
720568
720693
721014
721163
721678
722633
723150
723182
723332
723362
723643
723685
723848
724030
724071
724484
724860
725866
726224
726443
726623
727133
727226
727727
728340
728516
728921
729048
729375
729603
729926
729981
730125
730146
730993
731284
731592
732420
732612
732636
733427
733566
733616
733634
734008
734157
734164
734236
734645
735259
735309
735987
736003
736104
736637
736950
737970
738642
738745
739466
740511
740533
740955
740986
741522
742586
743009
743208
743606
743952
744100
744158
744549
744881
745040
745102
745800
746265
746412
746556
746612
746892
747801
748806
749140
749595
749764
750064
750248
750303
750452
751342
751345
751360
751436
751897
752140
752160
752730
753360
753890
755035
755380
755440
755800
756739
756919
757513
757789
758117
758573
758608
758981
759273
759350
759588
759911
760229
761093
761607
762030
762111
762271
762504
762509
762662
762979
763106
763687
763783
764047
764610
764785
765389
765518
765665
765730
766319
766647
767407
767729
768051
768257
768643
768697
768735
770243
771058
771343
771375
771402
771786
772375
772506
772810
773543
773810
773876
774035
774374
774509
774656
774820
774981
775545
775708
775787
776080
776100
776249
777519
777753
777806
778321
778761
778902
779179
779874
780280
780596
780852
780954
781147
781549
782551
782656
782777
783050
783365
783569
783795
784090
784154
784224
784732
785039
785082
785310
786082
786647
787130
787542
787872
788199
788250
788311
788622
788771
788897
789422
790508
790793
791308
791460
791571
791780
791816
792142
792250
792670
792703
792986
793321
793699
793764
793820
794105
794174
794832
795635
796008
796462
796695
796941
797384
797451
797519
797701
797777
799781
800231
800751
801027
801056
801362
801453
801455
802178
802712
802817
802912
802992
803057
804007
804099
804254
804546
804966
804967
805075
805122
805744
805825
805992
806003
806146
806292
807376
808710
808745
808881
808907
809057
809132
809531
810064
810077
810183
810394
811161
811765
811908
812088
812121
812314
812498
812625
813312
813557
813686
813796
813875
813917
814062
814802
814894
815460
815519
815548
815751
816141
816787
817138
818133
818202
818234
818392
818434
818889
818899
819049
819196
819477
819649
819740
819875
819892
819932
820019
820621
820926
821013
821377
821479
821864
822398
822879
823652
823663
823853
823955
824224
824924
825626
825779
825970
826114
826436
827036
827081
828453
828759
828940
829264
829299
829589
830311
830822
831019
831071
831178
831464
832045
832207
832257
832850
833230
833308
833608
833761
834085
834132
834421
835213
835316
835326
835364
835387
835671
835677
835742
836080
836415
836868
836954
837395
837602
839320
840077
840477
840494
840858
841211
841311
842356
842911
842949
843235
843560
843566
844029
844189
844494
844695
844827
844863
845534
846539
846598
846806
847503
847762
847866
848185
848479
848585
848933
848978
849229
849909
850070
850228
850612
850884
851136
851299
851383
852604
852924
853527
853553
853793
853963
854159
854605
855711
856223
856388
856481
856531
856897
857324
857571
857729
857893
858153
858785
860073
860171
860381
861014
861291
861364
861449
861649
861758
863333
863343
863576
863848
863899
864097
864751
865332
865395
865633
865668
866098
866193
866409
866581
866870
867024
867108
868633
868798
868975
869037
869373
869380
869463
869513
870177
870592
870640
870662
870978
871554
871701
871711
872242
872889
873042
873493
873711
874148
874394
874527
875031
875599
876124
876592
877080
877161
877563
877728
877760
878435
878503
878599
878663
878715
878772
878898
879696
879787
879853
880039
880454
880514
880606
881574
881872
882541
882631
882845
882954
883023
883140
883761
884014
885365
885845
885960
886458
886564
886663
886897
887784
887883
888078
888277
888594
889924
890129
890316
890323
890444
890526
891022
891288
891298
891411
891449
891591
891899
894076
894296
894312
894403
894430
894457
894608
895259
896201
896868
897311
897389
897623
898101
898792
898887
898895
898940
899295
899452
900007
900187
900418
900926
900943
901328
901741
901938
902664
902697
903634
903905
903942
904022
904099
904355
904366
904511
904813
904867
905148
905590
905615
906110
906295
906645
906960
907200
